Tuning 3.677

        		   Capacitors
		    243	    244	    245	    246	    247	    248	    249	    250	    251	    252	    253	    254	    255	
    	5	169767	169444	169444	169444	168518	167889	168202	166972	166972	166666	165753	165753	165753
    	6	153913	152813	152813	151724	151724	150427	150427	149361	149572	148305	148305	148305	147457
    	7	139183	138056	137096	137096	136144	136144	135200	135200	134262	133333	133333	132411	132411
    	8	114234	100664	100664	100664	100664	100662	100662	100662	100664	100662	100662	100662	100664
    	9	100660	100657	100657	100657	100660	100655	100657	100657	100657	100655	100657	100657	100657
    	10	124175	124087	124087	124087	123272	124000	124087	124087	123272	124087	123272	123272	122463
Coils	11	137692	138461	137692	138610	137692	138461	137547	137547	137692	137547	137547	137547	136781
    	12	157613	157613	157613	157613	157613	158677	157613	157613	157613	157613	157613	157613	157613
    	13	174235	173913	174235	174235	174235	175109	175109	173913	174235	173913	174235	174235	174235
    	14	192592	192592	193023	193023	193023	193953	193953	193953	194392	195327	195774	195774	195774
    	15	212871	212871	212871	214427	212871	216000	216000	217587	217587	219191	219191	219191	221428
    	16	228497	225128	225128	226804	227461	230208	230208	230208	230890	233684	233684	233684	234391
    	17	250276	252222	254189	254189	254189	258192	258192	260227	260227	262285	265317	264367	265317
_status.rawSWR = 102033, values[4][5] = 100655
bestX = 4, bestY = 5
_status.L_relays = 9, _status.C_relays = 248




Tuning 3.510

			   Capacitors
		    210	    211	    212	    213	    214	    215	    216	    217	    218	    219	    220	    221	    222	
    	23	100657	100660	100660	100662	100662	100664	100664	100664	100666	100666	100666	100668	100666
    	24	100662	100664	100662	100664	100664	100666	100664	100666	100666	100668	100668	100668	100671
    	25	100662	100664	100664	100666	100666	100666	100666	100668	100668	100671	100668	100671	100671
    	26	100664	100664	100664	100666	100668	100668	100668	100668	100668	100671	100671	100673	100673
    	27	100664	100666	100666	100668	100668	100671	100668	100671	100673	100673	100673	100675	100675
    	28	100664	100666	100666	100668	100668	100671	100671	100671	100673	100673	100673	100675	100675
Coils	29	100666	100668	100668	100671	100671	100673	100673	100675	100675	100677	100675	100677	100677
    	30	100666	100668	100668	100671	100673	100673	100673	100675	100675	100677	100677	100680	100680
    	31	100668	100671	100671	100673	100673	100675	100675	100677	100677	100680	107773	112318	113868
    	32	103367	100664	100664	100666	100666	100668	100666	100668	100671	100673	100671	100675	106993
    	33	100664	100666	100666	100668	100668	100671	104095	103412	106968	108450	112142	114492	115328
    	34	115770	115053	115827	115107	115162	115217	116727	117582	117582	118450	120074	120973	121804
    	35	120588	120664	120664	120740	120740	120895	122471	122556	123396	123484	125190	125287	126153
_status.rawSWR = 100645, values[0][0] = 100657
bestX = 0, bestY = 0
_status.L_relays = 23, _status.C_relays = 210



Tuning 3.615


			   Capacitors
        	0	    1	    2	    3	    4	    5	    6	    7	    8	    9	    10	    11	    12	
    	0	179464	181081	181081	182352	182352	183636	183636	184018	186238	186635	187557	187962	187557
    	1	178378	178378	178378	178378	179638	179638	179638	179638	182191	182191	182191	183486	183486
    	2	175675	175675	175675	175675	175336	175675	175675	175675	176576	176576	176576	176923	177828
    	3	171428	171428	171428	171428	172645	171428	171428	171428	172321	172645	172321	173873	174774
    	4	168444	168750	168444	168750	169642	169955	169642	169955	169642	169642	169642	169642	170852
    	5	166964	166964	166964	166964	166666	166964	166964	166964	166666	166666	166666	166666	166371
Coils	6	163716	162555	162555	164000	163716	164000	163716	164000	164888	163716	163716	163716	164601
    	7	163111	161946	161946	163111	163111	163111	163111	164573	164000	164285	164285	164285	164000
    	8	162780	162780	161333	161607	161333	161333	161333	162780	162222	162500	163677	162500	162222
    	9	163063	163063	163063	163063	163063	163063	163063	163063	162780	162780	162780	163963	163963
    	10	166972	165753	165753	165753	165753	165753	165753	165753	165454	165454	165454	164253	165454
    	11	170093	168837	168518	168837	168518	168518	168518	167281	166972	166972	166972	166972	166972
    	12	172641	172641	172641	171361	171361	171361	171028	171361	169767	171028	171028	169767	169444
_status.rawSWR = 163677, values[8][2] = 161333
bestX = 8, bestY = 2
_status.L_relays = 8, _status.C_relays = 2




